4.946777523949787980e-01
1.000000000000000000e+00
4.998349089614063101e-01
1.642579528367602848e-01
-3.679834064076692446e-02
-2.317272825116373572e-02
2.560585238595976532e-01
-1.066030346865498276e-03
1.806265224398678412e-02
-3.924743700381379263e-03
-2.407453213247055107e-02
-8.901082902581210557e-04
2.602512045208628735e-02
-5.155715266874267427e-02
-1.044614369124073107e-02
-2.406159793655632425e-04
-9.490662572864252966e-02
-9.002467750784035744e-03
4.221871903576455975e-02
-1.886799663418565294e-03
3.865089460698313637e-03
2.600254667395214265e-04
-4.703113341251528856e-02
3.850640450791185249e-02
-2.646853534567538205e-02
1.744911195091446122e-04
2.066743976916176652e-03
-4.812679223519201674e-03
1.715676462112116635e-02
-3.363825123500941219e-03
-1.825508130492464048e-02
-8.245484251988095814e-02
1.812252960162220039e-01
-2.926341511018816077e-03
3.255538507625939642e-03
1.439523724406785703e-03
-1.373244923249716462e-02
-6.393631060711740810e-02
2.101121332426335586e-01
1.680112567389603715e-03
-3.160472377769127372e-02
-3.136538888211404946e-03
7.973114889507970648e-02
5.171621657971309759e-03
4.659626735017158294e-02
-1.573123465413139854e-02
-2.467525929832241945e-03
4.542744539863857733e-02
-6.143386504711699503e-02
-6.806903968960704640e-03
-4.136030629372674378e-02
3.040036861931155049e-02
2.445156456161533005e-03
6.541256461969824007e-04
8.374462372224236728e-03
2.375575214059598601e-03
6.206195257369297169e-03
1.564360443429819276e-04
-3.955533029241610011e-04
-3.064015599935476092e-03
1.398480815334487634e-02
-1.437782324870186821e-03
-8.114038728312622517e-03
-1.412051626617073438e-02
-2.414914995435245848e-01
1.020463436023503340e-02
-1.874053488033001341e-02
-4.987693074108178609e-02
-1.953366743542254633e-02
-8.490419039273522719e-03
-2.699520387135687649e-01
4.198086762066463931e-03
-3.879136031121219186e-02
-4.707154342548281259e-03
-1.899562515495766338e-03
3.073380463625853543e-03
-6.930455630341548351e-03
7.895585303301166924e-02
2.028039125543338109e-02
-1.061871555943690315e-01
2.065009472421211814e-02
-6.106262616125991693e-03
-2.864985983191233390e-02
2.967083772732959437e-02
5.098349635958141467e-03
-1.997749846811035300e-04
3.181545038908085445e-05
-5.347781532337155669e-02
6.003745440793346877e-02
5.236521007804125730e-05
1.537634479296264749e-03
4.212721883988597427e-02
1.647193568424987556e-02
-1.176861027751213880e-02
-1.081171827593088025e-02
2.435890550602233875e-02
-1.765357713635592185e-01
2.326258565518489474e-02
-3.522127816184942445e-02
-1.923570072702211059e-02
-1.444391499661294535e-02
-2.785979144476894917e-02
-1.924295985215585258e-01
2.728269922434461026e-03
-2.912185790914557232e-02
-7.164702130029446852e-04
-5.386920226213172402e-02
-3.000749432171153611e-04
5.739265670149333066e-03
1.755372276246685084e-02
-1.253100184137067967e-02
-8.829643739643580624e-03
9.957611357873996649e-02
-1.636055421493652889e-03
1.547675952379738151e-01
9.240652738044670758e-03
-6.145137725032793520e-04
-4.782938604068167807e-04
1.799250253397475727e-02
-6.859829127229893908e-02
-6.041244260617271121e-03
-5.910517640079976983e-04
2.595928184094947570e-03
7.804848798994248014e-03
5.429337002366133556e-03
-6.132583698326334737e-04
-5.135173443509691467e-03
1.264509549492382097e-02
2.122558760613364459e-01
2.142001606088836038e-02
-1.299991514260710745e-02
-2.225301298264396599e-01
9.145938940597760081e-02
2.741297992060460695e-02
-3.901093318217396105e-02
1.055876274657067682e-01
1.893799956709466548e-01
-3.286645899629662970e-02
3.074106189392436517e-02
2.170798466230711155e-02
1.092725844377048922e-01
1.043926176524512944e-02
1.393429216616251867e-02
2.098364667879875148e-02
-1.534853468689981459e-01
-3.392848477083434261e-02
7.805996634441710047e-02
1.645618871164077068e-01
4.527394090053889208e-02
-2.980391825707537053e-05
-3.016811394884593156e-01
1.295589919125510192e-01
3.024171590029946580e-02
-1.331916851202368402e-03
-3.660567486113325969e-02
-4.594002146480593574e-01
3.326063756552780776e-02
-8.414188583820200740e-02
-3.064638682819997503e-02
-1.442014616933662502e-03
3.563324483825916489e-02
-4.593563319587644356e-02
-1.494188391958048978e-01
4.279176939536913915e-01
1.103406292142921907e-01
-3.765361812598748414e-02
-4.665507891229951909e-01
-8.544705623393318572e-02
-1.947950838819442754e-01
-1.195191268589611000e-01
2.349043292013275885e-01
-6.128153445506357572e-02
3.685715367747438576e-01
-1.544410130175332962e-01
1.758781601054809907e-01
-2.913878536521168419e-02
-2.393426323766310315e-01
-1.698719099474572253e-02
3.097990204244363555e-01
-2.491311931679981717e-01
4.092238949267580916e-01
2.454599993300215499e-01
6.229802096649923460e-01
-9.316470180524368330e-03
-9.314124218053324022e-02
1.597918811860962462e-01
-2.291065100926209779e-03
-2.087248470994279292e-01
-3.060750346100390984e-01
1.352475720663231240e-01
-1.279607892655053591e-01
-1.021504003969131574e-01
-2.429057360457324566e-01
5.487129052448812098e-03
-1.334042441398572421e-01
-2.929561377630779048e-02
-2.494042373792698386e-01
3.583810352932456089e-01
7.797766418820420986e-01
-7.177639888815826041e-02
9.000997829925980187e-02
-2.508787354699013733e-02
1.891271531037601039e-01
-2.997023288928670204e-01
9.652977085418966430e-02
-1.202907666925681351e-01
-4.092111043687716165e-01
-1.856444291060688756e-01
1.350050259785984530e-01
1.159560797323493514e-01
-1.572184067740907409e-01
4.477420151061863862e-01
1.750294487980887659e-01
-1.767584806181531909e-01
-6.165143068154639583e-02
-2.644091878563710196e-01
-4.875268652769215033e-02
8.925223322842597284e-02
2.748274239234308469e-01
1.074135230630660215e-01
-1.189254067192200420e-01
2.641052759880309075e-01
1.618807383996784949e-02
1.140733683357078587e-01
-1.060922680608803043e-01
2.554417734886213487e-01
3.150181324165287622e-01
-1.411791681029304357e-01
-9.561467980772608843e-02
-2.017962386271080627e-02
2.710425739461470862e-02
-5.571425085426960633e-02
4.299315297392941604e-02
1.454634742396780991e-02
-1.733738272195612107e-01
3.486496652519414097e-01
-1.362081678805190654e-01
1.341888372858042189e-01
-2.741180362521285219e-02
1.888557241900981620e-01
-3.394599859999091751e-01
-1.755494224028681660e-01
-2.512990479747037043e-01
1.161385956406914000e-01
-2.042850441312708820e-01
-3.801208614025970017e-02
8.785479248538873298e-01
-3.594797574724153955e-01
4.352243960484324797e-02
-9.218410961671887061e-02
-4.777606186393923426e-01
3.214454818062724706e-01
-2.963055803343352945e-01
2.280414711108263714e-01
-2.160298762364142311e-01
5.038197359225797881e-03
-3.635916146970771257e-01
-1.378742792320502564e-01
-6.922789562486125758e-02
7.022589324771449926e-02
6.740940625351680981e-02
2.680636080927984929e-02
1.997807194752101168e-01
1.776501088686665009e-01
-6.042172259145933699e-02
-1.407123176792954011e-01
-3.232753861232595116e-01
-1.577290496655631424e-01
4.992625091425639122e-02
3.837205863398393535e-02
-8.321765976966957745e-02
-1.174715555974886888e-01
2.129244404850418881e-01
6.770113859650027377e-02
-1.207676261877600743e-01
-3.559503004954771566e-01
-2.502388982269456164e-01
1.814831765687979215e-01
1.364614600720625570e-01
9.792285701967523570e-03
4.695686407479700980e-02
-4.995560737110914251e-02
-1.467784097683398625e-01
-8.307663073527012110e-02
-2.207426931340280840e-01
2.292512532266710312e-01
-2.941715212341841079e-01
-4.600642423152452587e-02
2.061350183342577002e-04
-5.338673880811625749e-02
4.818242342406131584e-01
-1.285734350838550477e-01
1.904434872327869510e-01
1.867762189370342774e-01
-4.317797546143879034e-02
-5.008909958558221270e-02
2.140817202486900717e-01
1.737442622263118686e-01
-1.451710813601697070e-01
-4.149091269827855921e-01
-1.037356946644630851e-01
3.872342394389994419e-02
5.586610713861856620e-02
1.437260811100934677e-01
7.564758959658862691e-02
2.428273983215382681e-01
-9.023579634655985726e-02
-5.036178284306776914e-02
1.152610200889644804e-01
4.576030183839489840e-02
-2.236961393622382555e-01
-1.527515553415275396e-01
2.548904757916572450e-01
-3.051175172633274063e-02
-5.231609466088412569e-02
-3.882593726632261460e-02
-3.488343360430835594e-01
3.237488952490160110e-01
-1.651924735370042252e-01
1.145729283075447302e-01
-8.030499025365818444e-02
4.321081772688629280e-02
1.585695690780123401e-01
-2.160880477789668686e-01
-2.190713834327165654e-01
-1.688248017303687343e-01
1.906821715548912693e-02
2.722924385365181887e-01
1.955526873971093760e-01
1.217598909353069525e-01
2.023871191532076730e-01
1.866261863446536454e-02
7.681039270455171375e-02
-1.291537393810594514e-01
1.026717796879428324e-01
-1.849875526223387079e-01
1.784688171306147153e-01
-1.328352363124268298e-01
-2.596858090367262228e-01
-3.498687416599730593e-01
-6.013907225404552942e-02
-3.509732347539955000e-01
1.913458567250498066e-01
-9.435596153575934175e-02
2.195366057799328849e-02
-4.927101636544547469e-01
-1.161011827260848561e-01
-1.144433927224227932e-01
1.013366239033743760e-01
-9.491680228805211839e-02
-7.785843491498628012e-04
-1.571020100689876908e-01
-2.150897377328643834e-01
-4.972749960467687247e-02
1.845297152438390154e-01
2.209990282624735847e-01
-4.220853259475239039e-01
4.658699338320698019e-02
1.081237175784134780e-01
-1.579588036758124425e-01
-1.633396781975808010e-01
2.878920763415239725e-01
-3.266413124906538124e-01
-1.036492802318295797e-01
-6.297168698558563982e-01
1.048642821423527438e-01
-6.363811405798501519e-02
8.055980137902170324e-02
3.412092654318306661e-01
-1.615435417250108974e-01
2.788125883603714272e-01
1.672234352295115523e-01
-1.422189863950067412e-01
-9.505539780569116637e-02
-1.788200440433571070e-01
4.443734014672100913e-02
-4.656376191057587932e-01
1.582720065313560909e-01
9.157721751946387712e-02
-2.209228289131855150e-02
-2.769753273328303678e-01
-4.729715337483739179e-01
2.586210294442274904e-01
-2.958680711856291889e-01
1.620669199098333790e-01
-3.282786416491301207e-01
9.195092180282918304e-02
-9.275140170558482389e-02
2.906638138315078557e-01
-1.456026901813209373e-01
8.830286164240765123e-02
5.077891789478065215e-02
-2.936407143316943635e-01
-8.417236999409719034e-02
6.974655446566049855e-02
1.336274172490512502e-01
3.130547105761746773e-01
-1.781744248077762188e-02
-1.184092222750322831e-01
1.740499986487365203e-01
5.263912934553316436e-02
1.562265585461682926e-01
-8.916603076694538943e-02
3.974137787891867668e-01
3.279511032439255853e-03
-1.376385108536384017e-01
-2.988475690270233631e-01
-2.047352110818156379e-01
7.268867657183725184e-02
-6.139662923644394199e-02
-5.096951237888695113e-02
3.037475777763274168e-02
-5.790060148560833841e-01
-8.038567889372679603e-03
-9.797572332137655104e-02
-7.496016726402715546e-02
-6.633492223567219459e-02
-1.347624299311044882e-01
-5.637365791991580943e-01
-3.455486174229494556e-01
1.489793139567412161e-01
-1.682632265005586936e-01
-4.587628874691301872e-02
5.547630153153994270e-03
1.664392314034682518e-01
-1.932040780780315825e-01
-1.887932809034696957e-01
3.605693062186714204e-02
-3.643101431371577048e-01
2.005452837702232372e-01
-3.561059482985714023e-03
-2.488912184970524522e-01
-4.818976445644756468e-01
-1.954946573445806232e-02
2.832945613842442062e-02
-5.056308183272333057e-02
-3.229723739207441824e-01
1.214033229089296201e-01
1.323271668947051914e-02
-4.436633411844954911e-02
2.305293970585834407e-01
2.157187536931036431e-01
-4.148157128481023137e-01
4.406425246225322695e-02
-6.421411239779521718e-02
6.633372166641834933e-02
-4.402514292553778158e-02
1.105799385137256341e-01
-7.570596114028625701e-02
-2.223958530880580306e-02
-1.001041096594483121e-01
1.287411085736618133e-03
-1.989138586058254998e-01
8.059065864185406547e-02
-6.942752877556919444e-02
1.932679441300044765e-03
1.029462837829691613e-01
1.799994598868689122e-01
1.176974041802732879e-01
3.113775507699794720e-01
3.720177388798479035e-02
-1.010499704688587463e-02
-1.935717202455644881e-01
7.299102386444400459e-02
3.256337167990240866e-01
-7.326993816127833070e-02
-1.793642132756231161e-02
-8.380990617097752726e-02
1.023922441852193749e-01
1.333550164755546719e-01
-2.729559949893712867e-01
3.166947099268855315e-01
-3.675870952962911886e-01
2.868914188363443918e-01
5.975811124350232095e-01
-8.305440132106932383e-02
4.808700159914928302e-02
-1.377670993147732392e-01
3.333440198822118505e-01
1.551903707707836810e-01
1.515182740939692019e-01
-1.681907856682226532e-01
-2.993499259650858266e-02
2.495769592792563829e-01
-1.094815258111169094e-02
-1.698906301862344870e-01
5.513075484866322151e-01
1.011733295661781523e-01
2.378997246676136379e-01
4.213745484192937124e-02
-1.422367884065505739e-01
-4.104976484023512007e-01
1.014373310218621149e-01
2.597870579231824628e-01
9.656727542934335010e-03
-1.574551474523058214e-01
2.519563786304170397e-02
2.488830818524985222e-01
-4.212889210939952528e-02
-1.835007690355148213e-01
1.414769152900557103e-01
-2.999163270315982621e-02
1.501125898913328316e-01
3.395701771699642935e-01
2.558671257715229852e-01
1.080333790311681919e-01
1.348020385672039634e-01
9.090519852972067660e-02
1.457428682468146497e-01
1.202883424746647584e-01
2.101168690488789681e-01
-2.263715243832871149e-01
-1.937585583408338030e-01
-8.366645341126152657e-02
-2.008903652690906261e-01
1.356050542459504536e-02
-2.533652518268725284e-01
-7.069558606740934670e-02
-6.704805488811294706e-03
-2.103455479282398660e-03
4.265841467076680882e-02
1.369979509454316846e-01
-6.215296977740032008e-02
9.751761704194893132e-02
-5.041722516490394074e-03
-2.996427140724820110e-03
-3.842015487727624273e-02
4.937238871783566907e-02
8.292295220958433022e-02
-9.687868495707822880e-02
-3.417058901634221438e-03
8.100188361702673201e-02
-8.642108386326879943e-02
-1.705864109043503940e-01
-1.870540685686350735e-01
6.836300311521216477e-02
-1.573447380551045438e-01
-2.922702357515253799e-02
1.579900119136822267e-01
1.625255409116658223e-01
1.790868128353232391e-01
-3.900437945205056239e-02
9.995016688555387330e-02
1.337864187726264531e-01
-8.394588310857955399e-03
-5.399044872842544140e-02
-4.218204993190594748e-02
-3.171287307416771617e-02
-1.741032478780859816e-01
3.035310527556962512e-01
-6.010124209850049581e-01
4.115673231165442036e-01
2.867883831049660229e-02
-1.157557363801843126e-01
5.717934767300288934e-01
9.260270812297910492e-02
6.626158902112581073e-01
-2.391626255523097710e-01
-9.547010609245815127e-02
-2.462326928041370100e-01
2.400849726438834542e-01
1.740752820930192291e-01
1.522414569656002081e-01
-6.983391143558129177e-02
-5.470640228837321192e-03
6.425229913094154810e-02
-3.512831571586548796e-01
-1.782727738442698925e-02
3.413225550293419452e-01
1.871025919192642051e-01
2.333789605783421484e-01
-2.850890005530217208e-01
8.795345285671649083e-03
8.143879232745568353e-02
6.639527704127584640e-02
1.648647081126693170e-01
-1.297452298077488575e-01
-2.030468387619479287e-01
-1.592110618134920733e-02
3.209924441731177303e-01
9.522809709223742369e-02
3.566139716066166199e-02
1.040930628624661958e-01
7.294036673209350341e-02
7.112154225822234048e-03
2.701146952468231333e-01
-1.488563869880512591e-01
-1.920743637227276812e-01
-1.257921108151374701e-01
-1.094611727494973763e-01
2.014763025906396721e-01
-1.776622074937144469e-01
5.879950725106002363e-01
2.553633967052300613e-01
1.950147329649034797e-02
-1.403325345312892158e-01
2.882114118257288471e-01
-5.704120987883859462e-01
1.828797248697558442e-01
-1.152614611371800130e-03
-4.849291635918384635e-01
1.151690726658832070e-02
-2.556384396602147668e-01
-9.695967414365483372e-02
1.234657706545277123e-01
2.532584084869089758e-02
-7.220868137405522802e-02
1.505007148089698987e-01
-1.877023603165496601e-01
3.447778677525264318e-02
-3.020952964911166605e-02
-1.531017064070454570e-01
-9.877479041386036385e-02
-6.740017127114088236e-02
7.884840168311613162e-02
2.035235643179082177e-01
-1.821726288453201226e-01
5.755595714133593388e-02
2.210042867920412185e-02
-2.399162584776687035e-01
-1.113976720294869438e-01
-6.702228707330540325e-02
6.684957375442136807e-02
-1.716677382360209669e-01
-1.240896015778010231e-01
5.215284239982466430e-02
-1.167768076350183676e-01
2.503277986593255844e-01
2.416464682284346632e-01
-1.357843513836798077e-01
2.180403359746321823e-01
-4.151039084894875830e-01
1.899478244367581448e-01
-1.096802067638973088e-02
3.600318419266008291e-02
-9.770409225460890967e-02
1.809564673240852406e-01
-4.050331371586389784e-01
7.989882985181458175e-02
1.003757289190300439e-01
8.501406144155584932e-02
2.053885288052023361e-01
-5.541200327982106488e-01
-1.266607704316551897e-01
-3.363715537290893343e-01
-3.206714104892268574e-02
-4.479426629404044680e-01
7.319168969223434351e-02
-1.271750854998767999e-01
5.203693010531285079e-01
7.298705229578327236e-01
-5.779495689753242349e-01
-9.091486149752854573e-02
-1.488255445564622970e-01
2.146424713286658736e-01
2.417791380146178115e-01
-9.505391631867710078e-02
1.128411702059802513e-01
-5.856655415590319644e-03
4.564979800245628772e-01
-1.910270108603760730e-01
1.483814063160691574e-02
2.657090048281749578e-02
1.777659265499410834e-01
-3.200181852761470047e-01
3.595530564197031431e-01
2.678166763434007835e-01
-1.876303647134099639e-01
9.958713336412018668e-02
2.149871464216869619e-03
-7.975657143643354735e-03
-2.185954464971082492e-02
1.347587713060992010e-01
-5.684001102705289049e-02
5.144028431358399489e-02
-2.230651253741603446e-01
-1.745783703623058070e-01
1.135289092277462497e-01
-6.650526246805841743e-03
-7.208017808203551202e-02
1.925545177225219673e-01
-1.784744505430246597e-01
-1.808869230524094707e-01
2.065057844291398048e-01
-1.414582594268073701e-01
5.765444928443331368e-02
-1.280046281462213775e-01
-1.116937426811865086e-01
-1.696955259320704346e-01
-7.564697825674576714e-02
-2.067859930587271911e-01
3.264263684493725060e-01
1.398822907652965131e-01
-1.311561982931911952e-01
2.416734238994058814e-01
8.544773687829990694e-01
4.926963410883400951e-01
-5.466858007917389795e-02
-5.884423549917680574e-03
8.518237366617102679e-02
-5.031772233009305095e-01
-8.711615831306183111e-01
-2.982814185509565785e-01
4.672903963890243650e-01
-2.979412033005319760e-01
8.943526677631852273e-02
3.847014766898032567e-01
6.655066630771782606e-09
