4.901511776408846721e-01
1.000000000000000000e+00
1.000000000000000000e+00
5.075721712755300041e-01
3.622982068852272086e-02
-4.545680183095705817e-02
1.166451472434547471e-01
8.675480593720043265e-02
5.756621897556803147e-02
-4.401114195751689080e-04
1.023916035675249622e-02
-3.516485074429773205e-01
7.018663598513382590e-03
8.541896547647545579e-03
2.810409062473216008e-02
5.958271547807922341e-02
1.421643349725735389e-02
1.382545052447969602e-01
-1.715609406709731966e-03
7.098875818207960042e-02
7.766062691834572929e-02
1.381260593248543056e-01
-7.263120812547147268e-03
9.897075486298367863e-02
-5.706984166704671957e-02
-5.535692372192311389e-02
-8.625780728606138523e-03
-4.580626914068854083e-02
-1.013049066306476002e-02
-8.767026514768067394e-03
2.869059928447246013e-02
-4.308524490782066757e-02
1.010618455294217018e-02
7.048766460854496985e-02
1.993710058235461935e-01
1.781447414700701448e-02
4.367728759807842052e-03
-7.477686422123738623e-03
1.209313772975126496e-02
9.713320722558602474e-03
1.787523973208319031e-02
-1.535314927017716533e-02
-3.431099552705589150e-03
-1.527481737649128424e-01
-6.703947218095379634e-02
3.229116516159791228e-02
-3.345076207019386655e-02
3.083976699022557000e-01
3.550403076710419159e-02
-2.523425382703392908e-02
4.856283304024167904e-04
-2.607154739304413937e-02
-3.613927752365601095e-03
1.016170401825927938e-01
1.718769047334119462e-02
3.567107811651144215e-03
-1.974221313321873617e-02
-8.243865528972287027e-02
-4.701484680715893594e-02
1.090899609945103627e-01
2.008917395185779928e-02
-6.191998675080515740e-02
-4.423563167966480109e-02
-9.370149429359306281e-02
1.099305655379664848e-02
-1.052591128569649592e-01
-2.864808532026115184e-01
-3.126084610397268648e-02
2.537306633486771310e-02
2.252050744409703209e-02
9.645128675747659253e-02
-7.210710903013546613e-02
8.536261312075762650e-03
-8.312168102762027607e-04
-6.215067622213495471e-03
3.289427616591917847e-01
6.236827320354761117e-02
4.345761148262026856e-03
4.878966143862547428e-02
-5.568620356658295772e-02
-3.029902000972147652e-02
-2.298919017989363711e-01
2.506111643824763743e-02
-3.986063903545140896e-02
5.972279583020911886e-02
-1.519036557306380208e-01
-9.856245796194880449e-03
-6.662321130251483425e-02
-2.237055777524428121e-02
-2.477250865382420175e-02
-4.713932679755492017e-02
3.843858949039438699e-02
-1.767914654125310459e-02
-1.313583258718976562e-02
-3.400158078823684732e-02
-7.696545800338643398e-03
5.449349054521019677e-03
6.058473781719622003e-02
-1.948797860745787869e-01
2.100378495442885296e-02
1.318992511431611898e-02
-3.085842990611528669e-02
1.578917878483808435e-02
-8.712803730691599802e-02
-2.587203604717155589e-02
-5.209253905246993312e-03
5.871345595224502535e-03
1.106106739842742381e-01
-5.533577780035493256e-03
2.310548431156733695e-02
4.951204207912201366e-02
-3.284457088753379161e-01
6.609648015728949999e-02
5.174041754640001239e-02
-5.040104509028273810e-02
4.482822636510284953e-02
1.610747494618068251e-02
-1.818980445500960330e-01
-1.185395831181918630e-02
7.195139871252255806e-03
1.186779695924694220e-02
-5.370028995994512167e-02
-2.905734962845283632e-03
-5.190209584626563621e-02
7.422093427783275216e-03
-4.415855297156819070e-02
4.313268704909833245e-02
-2.650653740002906558e-02
1.745039798510363352e-02
-1.079843131299191017e-01
2.557312774164197111e-01
-4.835904075726640827e-02
7.765657607356121761e-02
5.484110353105406399e-03
-4.930553723089456386e-01
1.048571475067823174e-05
-7.929548953705262138e-02
3.931927646948599891e-02
3.746942601981014670e-02
2.042709969100661715e-02
1.095631694464371669e-01
7.492548902189261062e-02
-1.520038286400955951e-01
-4.372299800037793283e-02
8.766601139975785384e-02
3.059500152478170977e-04
-1.236617054039535757e-01
2.054045460639034315e-01
-1.219353898487932214e-01
-7.488438900766922895e-03
-2.254946755836261321e-02
-2.114566352413917716e-01
-8.762489027103083708e-03
-2.306538036131548786e-01
-3.362309939569190220e-01
-1.024619425436993359e-01
9.096395695264403516e-03
-4.573043380330571450e-02
-1.715687200289849057e-01
2.805384099620688437e-02
1.356563436695052416e-01
5.222207713341554536e-01
-1.241406276190836974e-02
2.388664285598511572e-02
-1.837475691929767174e-01
-2.274720884345446670e-01
5.042823525043603761e-01
2.345354821059556991e-02
-4.793174219850609291e-02
8.021628223445136097e-02
3.378016503043704821e-01
-1.522810692999637949e-01
-5.455867133277332304e-01
1.049278242357530172e-01
-3.129087827083994466e-01
-3.940811192206441355e-02
3.993699431891589713e-02
7.202579267677647334e-02
-1.402202503689812252e-01
-3.932280478453974437e-01
-3.528786853980015294e-04
8.123347069868885884e-02
-5.479924266385085424e-02
6.364211054011333427e-03
-7.115249063801575014e-02
8.131523286379701079e-03
-2.661786890280504539e-02
-9.883945548568346881e-03
-2.445269882826128522e-03
3.277714602400497723e-01
-1.715775122037724032e-01
-1.938197509052433931e-01
1.989179732497136921e-01
1.771078301627848073e-01
3.061740610535021098e-02
1.622528224457255308e-01
-3.732708620352452877e-01
3.689138782306535247e-01
-6.960665166202449627e-02
6.256118715234306737e-01
4.579183741795506135e-01
-5.883849056474465405e-02
1.524842122757928131e-01
-7.436960038900083947e-02
-2.217600821971017488e-01
-1.965956183620064246e-01
-8.402967664521981961e-02
6.190437212478461237e-01
-2.319118477528168687e-01
3.568955845194819732e-02
1.728642830453712975e-01
-4.353692176490120413e-02
-1.062407732583940806e-01
-1.402069509307872497e-01
4.119612948764888455e-02
1.870483983904187852e-01
-3.346270257879480625e-01
-2.851458006790885680e-01
-2.717518814191552737e-02
3.417567429498954423e-01
-8.141933466318060364e-02
-1.475698280357585004e-02
-2.287712474208831726e-01
-2.991775475169736187e-01
-3.224722284334402556e-01
-4.188038100066042713e-01
4.957571050693769521e-02
2.292495551586537228e-01
4.317511176324259070e-01
-3.111794307603681364e-01
1.394134462721103029e-01
2.531319529545129621e-01
2.858101415216973140e-01
-4.360283193586755174e-02
9.427528315394331782e-02
5.599102146356239595e-01
-1.886749732783262468e-01
-1.247668953761771893e-01
1.062973200213737229e-01
3.112130921787609195e-02
-1.413308904393062726e-01
1.703241914403052061e-03
-1.694888236217244673e-02
-2.060434921202661251e-01
-2.918792577932971533e-01
1.754770003201784889e-01
6.567613929843964249e-02
1.377771539543632406e-01
4.786768596120639235e-02
1.504752057733326487e-01
1.739482335196813612e-01
-3.756360069106923771e-01
3.860037958459910934e-01
-1.525921027468196411e-01
2.234828515676783312e-01
9.258382486114852261e-03
1.450692651235357400e-01
-4.831162447663583936e-02
3.471830914166650073e-02
2.842979622002309026e-01
1.486430515683952180e-01
-1.503444922062962819e-01
1.322453341723901776e-01
-1.486920014800763822e-02
3.654665310167332093e-01
2.125444807117468290e-02
2.832073195272565846e-01
-3.084228428364592656e-01
2.076509605001672643e-01
-1.530462794598763665e-01
3.680257644993251698e-01
1.371510922207269112e-01
1.129486300055146247e-01
-1.170068354000968619e-01
2.578169456348551880e-01
1.041787936783303697e-01
-2.089567421044975781e-01
4.157493373528460268e-01
-8.717248533233405705e-02
9.872459234902568326e-02
-2.472319643892555985e-01
2.689226449257456353e-01
2.535310545658853165e-01
8.263389311320595843e-02
-1.857754978190161443e-01
-3.141817342556853521e-01
8.579877047105345655e-02
-1.286472214971328965e-01
2.213212415650052112e-01
-7.234249260294123816e-03
-3.331663124769098094e-01
2.133370419510254024e-01
1.530587958432184092e-01
1.742534936944149515e-01
3.160306160756635729e-01
1.215229259958058583e-01
-5.220088382227171531e-01
-2.052202404660718321e-02
-3.408069521113553380e-02
-2.873669885174515715e-01
-2.577147905530891014e-01
2.245838296238710646e-02
1.740780413614224920e-01
-1.474417164835672145e-01
1.361275879599438132e-01
1.965823717218633804e-01
-2.967099647198153667e-01
-2.121202731828630006e-01
3.499909302946945244e-01
-2.264236548106988989e-02
1.192304316282634807e-01
-4.075231116188889890e-01
6.257256256786806192e-01
9.504045285595025261e-02
-3.078268616814500702e-01
-1.385995288877427123e-01
1.879396057448034507e-01
2.062654415059148871e-01
2.888855626862093517e-01
3.661527067698838647e-03
-2.982881164125574316e-02
-8.983099829249320545e-02
5.245773893464267951e-02
1.317658173863310300e-01
-1.252519651116126009e-01
-5.777019648163296030e-03
5.079466301996942573e-02
2.044590730698318259e-01
-1.054239517374122442e-01
-4.107782390963413133e-01
3.746966253126777224e-01
-6.653574893886027297e-02
2.201007159462271823e-01
-2.142174558732752865e-01
-2.968917230163246601e-01
5.048348686044402678e-01
1.095103863914251852e-01
4.557837576015456027e-01
-1.006758510606472756e-01
-6.767740304945878416e-01
-1.515795750477624548e-01
2.035279379594332611e-02
1.169555345117645334e-01
-3.732630389978717350e-02
-8.033243037129794706e-02
-3.050234539951246493e-02
4.883319888157777039e-02
2.793859830597896776e-01
-1.473854624770894184e-01
4.858727719455670502e-01
-2.897880518026514987e-02
-1.128408798558405979e-01
2.419287194269045538e-01
-7.535577522398672831e-03
1.834120946115622430e-01
-1.305316981657585196e-01
-8.942205771328194663e-02
-1.690434705627477940e-01
-4.239797679346866965e-02
-4.402658437530014290e-01
2.069540430573247047e-01
2.542677268481660646e-01
-1.089504665046363702e-01
-1.198601207792716616e-01
-6.081954276668398440e-02
-2.054398686296167176e-01
-1.154713354550670756e-01
-7.321285711674319074e-02
1.267188122425134678e-01
-4.199121256249439132e-02
-5.100692358479576305e-02
-2.424868054225980118e-01
-2.421996875062196464e-01
-3.479907592186239351e-01
-2.211184609833787007e-01
-1.923027243226721750e-01
-2.976249940373713598e-01
-9.578625432290962041e-03
-1.419891017006542390e-02
-3.338179340090527414e-01
-1.885658720973427127e-01
5.538825920440338356e-03
2.958018355865303928e-01
-1.209668544807010124e-02
-3.254754595099376147e-01
4.007722046938864968e-02
1.911625865453802919e-01
1.927268469216951718e-01
2.581158584789990385e-01
1.848822717763230761e-01
-2.534083933427305757e-02
2.780913042258310042e-01
2.279865889586480954e-01
-4.320642651735681627e-02
2.981557896913366035e-01
2.985337831510560536e-01
-5.992905122390797257e-02
-1.068357873099909511e-01
-2.700139859422853034e-02
-1.466837545685342747e-01
1.980250544940422575e-01
-1.459791516284837665e-01
1.288348540432204536e-01
-4.975270203490832904e-02
-9.620152592272682157e-02
-1.060616846908876698e-01
2.372531835493578434e-01
-5.692436433628598330e-02
1.162741889425867731e-01
6.345375795821748266e-01
-5.345616561654036314e-01
-5.332587211042413289e-01
8.049237359606915831e-02
-7.793974037268538990e-02
1.103688039253166060e-02
-1.885460964831829345e-01
-2.743270295710656947e-01
-1.196287102504729610e-01
-1.730149829415961737e-01
2.129303480229402801e-01
-2.899768392528804806e-01
5.323125044524471688e-02
1.450267556232260335e-01
1.509373547976920193e-01
1.887039781420235263e-01
-3.836697476549551233e-02
-2.991867956295436032e-02
-1.361613800495331886e-02
-1.660227425349117825e-01
5.125837586103914462e-02
-3.921779724702204040e-02
-4.150522503204340241e-02
-3.651832713459129270e-02
5.112150917843482842e-03
2.132298173718280010e-01
-7.362001514062408436e-01
-9.301152757092467915e-02
-2.555393662969217966e-02
-1.321102100595793194e-01
2.489748341617204486e-01
-1.643111280066907598e-01
3.904555166766323637e-01
-1.252766802675671920e-01
-9.695423279294755614e-02
1.407247439672578218e-02
2.488941568181518016e-01
-2.188994547509242883e-01
-9.211536991687001297e-02
-9.518206003075484201e-02
-1.047893409064954984e-01
3.266847826478327388e-01
1.832622110809692118e-01
1.838928783297920921e-01
1.299525867190347295e-01
-1.832927810642210609e-01
-8.698402505590621669e-02
-5.754767956770303651e-03
8.661475829795897696e-02
2.657194306190577837e-01
5.584696670978771260e-02
-7.732442730796345058e-04
-1.736806752800395537e-01
-2.960193379872233868e-02
-3.055303112238297314e-01
4.705199969832915552e-01
-4.852812652929812121e-01
4.719194606170011852e-01
-1.021145879650591781e-01
9.114199615532490861e-02
-1.408707567834793228e-01
8.401885044112667941e-03
1.360870377185347813e-01
4.981059710541859559e-02
1.696407847949024938e-01
-8.064443315884274599e-02
-2.327591638901808577e-02
-2.947266568051888289e-02
-3.648065509760964331e-01
8.764700792519833361e-02
1.284709227247403940e-01
-4.640947719979944819e-01
-3.594857750482501890e-01
1.453231179540462881e-01
-1.942630226824311468e-01
1.868183245936713699e-02
1.550574541412375745e-02
-3.787911816130524745e-01
-1.437328881177760975e-01
-8.650893194703450362e-02
4.112811716310588173e-01
-1.491276169872479858e-02
-6.726577960806831569e-02
-4.049276736361139273e-01
1.157669334510890435e-01
1.693958152968089714e-01
-3.031134434540986300e-01
6.492443786492944902e-02
3.087214895783499946e-01
-8.636759173451509508e-02
1.765225060722810935e-01
-5.157614036204140329e-02
2.756985079198369659e-01
-6.215341257482488446e-01
2.976810013536613231e-01
-1.746443399052589884e-01
4.849411597802657375e-02
2.460118384171657846e-01
2.266157038707125038e-01
-2.077784441605923793e-01
-2.735271325075879223e-01
-1.505575673466339470e-01
-3.243463501693795159e-01
-7.014863826267327129e-02
8.538019039377540975e-02
-9.702433148378623515e-03
1.362209571650848175e-02
-3.547677140150598540e-01
9.843806804257219933e-02
-4.399598660874691203e-01
3.351408038814496781e-01
-9.350712547573607203e-02
-6.272701739956493272e-02
-6.298870933125877425e-02
5.384192441246415245e-02
-1.581829860308550939e-01
-4.472762904478401746e-01
-3.542284540254347358e-01
2.844972683141009928e-01
-3.901562453733898872e-01
1.141577766159670299e-02
3.499113866906885389e-02
-1.926221664714954096e-01
-6.126940044643859606e-02
1.908074643289865147e-01
-1.380863362873206712e-01
2.344015740412932428e-03
-1.228039868621739750e-01
2.227076039894929638e-01
-1.846169489442464617e-02
5.653662278951100406e-01
-1.321000736934840047e-01
2.618592212759926138e-02
-6.312035617070401415e-04
4.814729239472483879e-01
1.995303499739121134e-01
4.969139597216269688e-02
-7.126538611210909979e-02
-7.804741323093040972e-02
1.424363221204617835e-01
1.633371334747331094e-01
-2.768548522014904756e-01
-2.855166689174489236e-01
-2.206534964687883182e-01
-8.325243064403031745e-02
-2.313153836334665703e-01
1.754631264293680659e-01
1.444335377514239793e-01
-6.852902533894209003e-02
-4.804219218716208883e-02
-4.104465426108945547e-02
-1.583077116602006340e-01
-2.035315794341457096e-01
-1.100779098003404066e-01
4.719361146285347419e-02
1.014480290629195258e-01
-1.555682162517688372e-01
-1.243259539708718373e-02
4.378534777141038226e-01
-3.070261244280101387e-01
-2.225726913834811249e-01
-1.909581467567113625e-02
-7.958400138846009886e-02
-2.108481628248865536e-01
-1.217449703725886206e-01
-6.588618977629981388e-02
-4.620922281831694178e-01
1.533312905673379634e-01
1.834313050278613133e-02
2.211691067108699504e-01
9.459402326007806949e-02
-6.710787165200578219e-02
-1.232310845746867750e-01
-7.977172995356518470e-02
1.218527240304883574e-01
2.971435412731797676e-01
-1.118080395220072826e-01
-2.751902222723405511e-02
-1.482027449779345640e-01
-1.776882829351570936e-01
-3.444369604535735818e-01
-3.931758411081989237e-03
-4.090295430859784004e-02
-2.422769804467509724e-01
4.276186293018238715e-02
-1.035277644311290678e-02
-1.128690440476291107e-01
-2.137089054355650886e-01
6.880030175074485811e-03
-5.632819176185521054e-02
2.754372950049263635e-01
-2.174247313894746569e-01
1.934891495788743643e-01
-1.533709449137126146e-01
-1.937073923558150224e-01
2.137325714817127353e-01
-1.197687567968352268e-01
6.834811272828780759e-02
-3.080876007078255374e-01
8.323287008652183530e-03
2.427690915977358810e-01
-2.338244266890829870e-01
4.401051407615559907e-01
9.264082426588603203e-02
-6.285491102988292889e-02
1.251377529373539355e-01
-1.889976301961406036e-01
-1.678636397102389599e-01
8.049453879902057629e-02
-8.678610296299509308e-01
-1.209792253255263378e-01
2.510472439114551646e-01
2.619155719499981910e-02
-2.800095100460264080e-02
-1.673018942531004638e-01
7.612785888196307860e-02
-1.808707203284178403e-02
-5.673398180025494841e-02
-8.519690098303013548e-02
2.622814491526201941e-01
-3.209224735424919817e-01
3.906182570722891434e-01
-9.756763166826307870e-03
-4.008700150999652267e-01
-1.095455366676372222e-01
-4.369428718646675702e-01
-1.806353874729843892e-02
3.132088227060238483e-01
1.019654363666534919e-01
8.393401406231362771e-02
-5.922156262651300240e-01
2.169399811236075171e-01
-6.121719914837308457e-02
-1.079562537958494023e-01
3.585610842214215221e-01
5.971823835891028331e-02
-3.134287393559052060e-01
8.931367575926636715e-02
4.138816372716347392e-02
-9.877488301833971251e-02
-7.163561611249208948e-03
4.876195475698423543e-02
-2.843878427119659325e-01
-7.048910566975066794e-02
-2.481032350405816267e-01
6.105912254426552888e-02
2.399242930409975147e-02
-3.756936889941474012e-01
1.243870114150940655e-02
-1.559445104605624854e-01
6.045881366839758048e-02
-1.408770754451550977e-01
-4.948843062901132211e-02
2.461774513062384151e-01
3.190419132800952351e-01
5.645298569292622748e-02
-2.481318743478221622e-01
1.207813958167901630e-01
-1.188741855627659799e-01
6.296715049401567510e-02
3.265272990349429860e-01
-1.787911298790173797e-01
-4.302788236936208044e-01
-2.357358578257343906e-01
-7.626126338146682615e-02
7.610262128413913807e-02
2.423600605325320900e-01
5.781503015157120062e-01
-1.739188651551825671e-01
2.447427271171927765e-01
-1.822301075786214031e-01
-1.684259353680824522e-01
2.716699150761024417e-01
-1.378316208019943756e-01
-1.082100847822233119e-01
8.225592428623204055e-01
1.089081481535958823e-01
1.675941702390177923e-01
-1.218469560007052199e-01
9.959561011631631877e-02
-1.760835260130789448e-01
-2.128128685505798201e-01
4.194772753574913526e-01
3.542851055404282580e-04
2.609050002390564393e-01
4.905328290053650453e-01
-3.641310117060548857e-01
-8.255265070370784719e-02
4.971137549193914429e-02
2.800241866204022587e-02
1.725572180126698496e-01
-1.496955404408262420e-05
-2.947942372928933352e-01
-4.770098689570652362e-02
-1.123117221741500443e-01
-2.270115415030620198e-01
2.877748711471904697e-01
4.242339864666924698e-01
1.930069398486672638e-01
3.335841113998225171e-09
