9.979043454750944342e-01
9.835552580415282131e-01
9.964278127029733145e-01
9.989802766501462150e-01
9.976375930320044993e-01
9.984378407894456409e-01
9.968535297920129157e-01
9.998859151405508072e-01
9.991051435231113054e-01
9.992632288125741225e-01
9.993942681308780607e-01
9.977458623329120702e-01
9.982241079038844944e-01
9.969414570091740257e-01
9.959655275275239861e-01
9.966636417618969235e-01
9.947315365397997322e-01
9.931728684117603345e-01
9.938210950213262063e-01
9.956427255872221105e-01
9.962033702443187089e-01
9.957300733410959781e-01
9.943388011320577480e-01
9.924426607741833051e-01
9.988339595097919243e-01
9.980184107945898608e-01
9.974058105184968603e-01
9.988946870288597513e-01
9.983872938290165866e-01
9.984739708860288498e-01
9.979221423791118095e-01
9.965948528454068311e-01
9.969454233159091849e-01
9.951756452691915555e-01
9.977703065182272901e-01
9.958590701205783935e-01
9.981925172779159139e-01
9.977816401234683719e-01
9.963380458921778926e-01
9.991317925950219392e-01
9.980223049950239789e-01
9.986149366131653604e-01
9.976340074352122445e-01
9.988549943519523522e-01
9.974488690025317128e-01
9.990864090909892248e-01
9.979008408684613141e-01
9.981449621383295945e-01
9.994020998265429334e-01
9.984142039926033885e-01
9.977936849953766840e-01
9.973606081852328664e-01
9.996915660142792204e-01
9.997170356869822250e-01
9.949659325414942357e-01
9.963247909882810838e-01
9.993600213865507786e-01
9.971391188473054390e-01
9.976386377561345942e-01
9.990388293878841308e-01
9.987087047137340745e-01
9.979702293704362237e-01
9.989780625642271650e-01
9.937238320611848641e-01
9.990354456215310153e-01
9.990536534070411090e-01
9.931079884456505136e-01
9.986160259875060952e-01
9.974620077363525184e-01
9.983761985655505988e-01
9.957877191533981431e-01
9.983171589108078559e-01
9.981992071910334996e-01
9.988336466048565176e-01
9.996170059484670301e-01
9.982916288676617622e-01
9.985848041771809847e-01
9.971920327885407387e-01
9.994112609006222669e-01
9.991761370551327515e-01
9.989855439275366900e-01
9.990521176046044394e-01
9.988382252027880881e-01
9.974457809246122242e-01
9.990722459638888830e-01
9.976768062653937896e-01
9.981828292582342055e-01
9.992002466359799495e-01
9.984239025771035614e-01
9.985658037356749395e-01
9.962043051879483357e-01
9.974604721188177203e-01
9.970338029582886952e-01
9.983720886888585166e-01
9.978367838760231479e-01
9.986293992237770256e-01
9.977463116447803371e-01
9.988775776846537946e-01
9.973214502010128157e-01
9.982232021167118940e-01
9.978095918226012051e-01
