4.914695371626248699e-01
1.000000000000000000e+00
1.000000000000000000e+00
5.074448569110572294e-01
5.908748505211312146e-03
-1.385025693485635902e-02
-5.188622741255093269e-03
-3.717952378674957425e-02
3.956188188775335013e-02
6.575715115656230458e-03
1.585020959467299539e-02
-2.054857058996806540e-01
2.416260329752305258e-02
2.578431269106572221e-02
-6.618932763210143289e-02
2.354061470487824655e-03
1.331324122674217847e-01
-1.018443490706834598e-01
3.878999371614521869e-03
1.454025648084777316e-03
3.342068710743009707e-02
-8.726508733631309356e-02
1.737117272809496002e-02
-3.030934333906824818e-02
-5.586911767936725282e-02
-2.449945548341664336e-02
-3.711453852200406051e-02
-7.374423051949701444e-04
1.754415105652947227e-01
-1.131851129500289349e-02
1.737420304970418994e-02
-1.378757169923344045e-02
1.904404727699157696e-01
3.057024799808783291e-02
-5.958352315572441882e-02
-5.429626125664370473e-02
1.558169522712116693e-02
2.644055425360948910e-03
-3.820585209805618665e-02
2.244038146378282694e-02
4.730046001467501371e-02
-4.004098889445632803e-03
1.867600637859152812e-02
-2.657950861605805626e-01
-3.640305461567936579e-02
4.571546056609194358e-02
-1.331926091089972453e-01
2.715259565716283616e-02
3.136750225678475862e-02
9.930272765721686115e-03
1.407829449130531358e-03
-6.478119265011781681e-03
-1.587332582474843337e-02
1.863974116208896512e-02
2.544859138873686519e-02
2.596443636528564160e-03
-1.266628655649042895e-02
-4.900980026381634297e-02
-4.842430977081807475e-02
5.935233266395488830e-03
-3.311344177955374835e-01
4.360704262298084610e-02
-9.481250778339195273e-03
-2.726382693720024591e-02
-1.304579592645408181e-01
5.733104768656590439e-02
-1.252036716385065453e-02
1.642996925384752199e-02
1.251032454411153336e-02
-9.449297376445536800e-03
-1.233849804154964029e-02
4.616515972796938344e-03
5.289761764058576593e-02
4.612261383686411947e-03
1.061785302967391785e-02
2.149024980345025648e-01
3.202712064637970590e-02
-3.978323435010229503e-02
1.316798230698703609e-01
2.628717614728108554e-02
-3.738635002349949971e-02
-1.083104354308924225e-02
1.244451483399802542e-03
-1.860566041660861869e-02
3.598727043569709128e-02
3.584395997048140867e-03
7.123120871372513874e-02
9.343408940317548747e-03
-2.916883943973156215e-02
-1.025623394886351208e-02
-1.344352938843548090e-03
1.252980304888540522e-03
-1.971873064790894414e-01
8.370809295984640852e-02
-1.534276450020525054e-02
-2.399075281359225320e-02
-1.509731833671766332e-01
2.038242505285557671e-02
-2.518342846429233450e-02
-8.487461799481130567e-03
8.080920212369844050e-03
2.374830246785553448e-02
8.073516596486307595e-03
-3.634164370516298256e-03
-1.980787337979021678e-02
-2.035410872532428337e-03
-8.086172400541592059e-03
2.849127632216558736e-01
2.398984314757394640e-02
2.116787005516051687e-02
1.565647931413683552e-02
2.932187110310232811e-02
-7.783552739666003972e-02
-3.818102948524017964e-02
2.155407392257689220e-05
-4.374127059732650473e-03
-5.570925930151779393e-03
5.151162164453891405e-03
-4.527335710013567771e-02
-1.021736261239295090e-01
-5.114994699249966401e-03
-4.887740807237708762e-02
-6.667497346698048055e-02
1.655240630091440925e-03
3.164787178884822527e-01
-2.490544390556863330e-02
-3.788930093457463372e-02
1.587589222677559045e-02
5.444952393791942236e-02
2.436401382208621541e-02
-3.327717462593849512e-02
4.251947541222145938e-02
1.054994653232989993e-02
-1.418032397208991990e-01
1.387375621488370347e-01
4.639576106256496080e-03
4.973690325284595426e-01
5.965667164946846998e-03
4.106275565909027481e-02
1.598647445983752274e-02
2.356695489683765035e-02
1.984937466030585462e-02
-7.414275244375215235e-02
-1.384085228475439855e-01
8.337290414035820885e-02
-4.204515608669055493e-01
4.791221612196027292e-04
1.281267229704642352e-01
-4.853320720399776494e-02
-5.530615356560995149e-02
-2.312102587224026118e-01
1.079290802023676471e-01
-8.305539532026909311e-02
-5.749014801664558555e-02
-4.078418957139069712e-02
-5.866215208091401893e-03
-3.756304253716725300e-02
3.751723219561221411e-03
2.713140919697188402e-01
4.357156769393684681e-01
3.080182036725679848e-02
7.479397020088200676e-02
3.705762445516130321e-01
1.788521220305065718e-02
-5.044936206310519228e-02
-3.510908290426218992e-01
4.470239470475579346e-01
2.101561158844746785e-02
1.000616771790341364e-01
-1.713178918245558951e-04
2.731043867486664944e-01
-1.295907253542031567e-01
-3.395586536343315198e-01
3.206885332177224213e-02
-2.804115809359831180e-01
8.356274176204656068e-02
4.883878361165804038e-02
7.905480985823884477e-02
-1.366826866040876942e-01
-3.937971476106245095e-01
-4.727883692026833840e-02
1.512625702243506898e-01
-9.219545988595066743e-02
-1.648502522512478377e-02
-6.634647933280901633e-02
2.309218788610114398e-02
-6.107047744286701191e-02
-9.935929044037655755e-02
-1.882754019722417127e-01
3.588955028656996005e-01
-2.065110705041683647e-01
-4.501997243619808992e-02
1.937304157774403790e-01
2.116744303619711443e-01
8.237491925326048681e-02
5.743154798142525996e-02
-1.118803167364001289e-01
2.717338456674558422e-01
7.173352966236808126e-02
4.185588676521460050e-01
3.445301943888344209e-01
9.657908755524495514e-02
4.699056831298042969e-02
-1.237149099147907827e-01
7.180698079393570132e-02
-2.701981768113268512e-01
-2.898860636391243847e-02
3.683541692999605655e-01
-2.090997527392351452e-01
-6.207409877268229431e-02
7.191589669661119233e-02
2.519797802450189361e-01
-5.329529536116420219e-02
-1.576098515620778517e-01
7.097450557768409524e-03
1.206291197854045538e-01
-3.926907764356827313e-01
-2.882871193355650008e-01
-1.731259255278803921e-02
2.888590218884017902e-01
-7.898424956113106465e-02
2.491481675952563618e-02
-2.110246323883439301e-01
-2.538448876823605205e-01
-3.256237031390516456e-01
-4.148750622144658506e-01
3.356796836969872661e-02
1.961921963231781640e-01
5.677155792974836190e-01
-4.455372163898394522e-01
3.645781695048268545e-01
2.673587823856846124e-01
3.244957443558241783e-01
7.835218634052722175e-02
3.661558034007556667e-02
6.183573211813853110e-01
-2.228474411050221718e-02
-2.891109878424362178e-01
7.657326157989859106e-02
-4.203436780846219606e-02
-2.764440491737120698e-01
7.812745999664978680e-03
-2.061729156398406024e-02
-4.092037334468377058e-02
-2.650485995904190983e-01
1.092023404643652079e-01
6.787828245281000983e-02
6.154162273205580208e-02
1.755481332085435942e-01
1.605232212807315983e-01
1.222574862221169345e-01
-3.924713191064519435e-01
4.369543446465528058e-01
-2.162602134676384069e-01
2.737220060871209948e-01
1.015480886649960425e-02
1.990026008483326558e-01
-1.395063122530976751e-01
2.116592884993679854e-02
2.843656165850915740e-01
1.807396680947486733e-01
-2.726670417868154450e-01
1.216770628068528370e-01
-1.759727771468810181e-02
3.522452113867062251e-01
-4.100641101500614866e-02
2.461859181721465506e-01
-2.691426000524600459e-01
3.206366943125225633e-01
-1.723625093143816567e-01
3.514476429305545824e-01
1.367391377316793388e-01
1.571190862158487467e-01
-1.190710952925474742e-01
2.688010725642606125e-01
9.331501334969588557e-02
-3.999855249982555705e-01
3.837642315747181732e-01
-8.250434459374320073e-02
2.976604990198931655e-01
-3.443696929140944163e-01
3.253026388494124621e-01
5.105979439484198412e-01
8.588784658180298459e-02
-2.573974230922567719e-01
-2.156885074721551776e-01
1.070079936182008057e-01
-1.153325706774441517e-01
7.519298295757062545e-02
-6.725570080533170569e-02
-4.420920022617209066e-01
2.281001319816826634e-01
1.488611016296870204e-01
1.560047108279098149e-01
3.298211034875222492e-01
1.304737024243756982e-01
-4.564346004210834695e-01
-1.061412357669523632e-02
-1.977377991522367984e-02
-2.343675936231375267e-01
-2.841209182971414782e-01
-2.556881369143981439e-02
1.651107872558483791e-01
-1.433300677827888114e-01
1.422316538026645594e-01
1.696404461069672964e-01
-3.028992395709523278e-01
-2.265794956133077021e-01
2.957040172177589077e-01
9.498200950857783181e-03
8.439460619841517020e-02
-2.933396264579801183e-01
6.087218475487379266e-01
7.624526505973894253e-02
-2.788093638758539772e-01
-7.252914339941006483e-02
2.408760934267648313e-01
3.815826269384144376e-01
1.802011190212450820e-01
1.519046132161251950e-01
-2.741723645558853673e-02
4.858100047065942034e-03
1.314052791086777472e-01
1.778528623209969795e-01
-2.262458164133312466e-01
2.651037687629858187e-03
9.449754621204681238e-02
2.608090881467176048e-01
-2.720731310193510999e-01
-3.542494910372682715e-01
5.739341520106574501e-01
-3.807351348210451930e-02
2.258684238016053225e-01
-2.778699563788917803e-01
-3.072129729281904420e-01
3.727980402200188337e-01
1.081143857750071074e-01
4.177673640027242397e-01
-1.660775327708729487e-01
-6.267681456461327016e-01
-2.158090156137150717e-01
9.206136487145336056e-02
6.078408600628961572e-02
-4.276511777397924013e-02
-1.338174804561784448e-01
-1.030243435700533561e-01
-8.302975526224616598e-03
1.172017330788993617e-01
-3.791965649825953522e-01
4.965162952716078437e-01
-4.089109386960526615e-03
2.977512540985630118e-02
2.607909619938534873e-01
1.092875248133038865e-02
1.504752097548616996e-01
-2.613756798445574514e-01
-9.335400107585033191e-02
-1.596528741346348035e-01
-6.589409083651558141e-02
-4.577000989743518211e-01
3.169138965309365452e-01
1.975451045493740732e-01
-2.077832186934962799e-01
-8.574542434958611070e-02
1.033452459509913157e-01
-2.635485330773843504e-01
-8.737366349987965575e-02
-7.247009191394469807e-02
1.783779555560788821e-01
-5.448735952486823131e-02
-1.145321800388416911e-01
-2.637429732899931878e-01
-2.152023592820142550e-01
-2.433702878041212048e-01
-3.751763585415832103e-01
-2.203218684871421640e-01
-3.537126331599704243e-01
-1.874354781351036670e-01
2.800177913010172548e-02
-4.266242896067868329e-01
-3.574418459473993614e-01
1.489534322741454531e-01
3.603267351563550491e-01
-1.494890934535856274e-02
-1.599243275702914302e-01
3.288156423549520174e-02
2.445876023229562324e-01
1.189308330595845870e-02
2.384369518981001024e-01
2.326876049064597052e-01
-2.409865947519602286e-02
4.358478652538145398e-02
1.529431109229485997e-01
1.546572525498450881e-02
1.088250370431535774e-01
2.157995976162480900e-01
-4.732375458190094669e-02
-3.089303051004170866e-02
-3.401236331592666362e-02
-2.037582179229719959e-01
1.822048298630118135e-01
-1.500978499596529459e-01
1.915945489953464753e-02
7.121085063312529440e-02
-3.433889035705391113e-02
-7.318639870564933037e-02
2.172471688774542109e-01
6.564181077810590792e-02
2.200090584359900570e-01
6.400091520967188252e-01
-4.646816534620860084e-01
-4.115673018084473611e-01
2.636839708987250286e-01
-1.498924761246940851e-01
-2.178337337601554333e-02
-1.634319425601843956e-01
-4.093558467981682214e-01
-6.870051207215312206e-02
-9.304630199847784000e-02
2.640133953682868850e-01
-1.934690293251439819e-01
7.833661145355277911e-02
1.522314111911731993e-01
1.071723238636830278e-01
9.909964593687592416e-02
-8.855282229790271964e-02
-6.602765531238755092e-02
6.712726610418525211e-03
-2.419908371354783858e-02
4.250671545694892622e-04
-3.903794167229231865e-02
-2.014119801367446616e-01
1.104291485255410044e-01
4.250415375539100954e-02
2.317226850453026343e-01
-6.799965989996442639e-01
-8.598381354151807265e-02
-2.463781561895370467e-02
-1.613032596153273490e-01
2.598911894282459611e-01
-2.551820940597924747e-01
3.976627871395022051e-01
-1.577668578523076098e-02
-1.400397057652736643e-01
-3.882385039625626394e-02
2.234627403052815153e-01
-2.257217437587917264e-01
-7.124505639594100326e-02
-1.306447638993505633e-01
-6.878332935654263292e-02
3.374776779875781063e-01
1.774580212228154541e-01
1.289898460414795334e-01
1.554626958102236223e-01
-2.599707612020739078e-01
-7.472627553493169095e-02
-8.714074026330240197e-02
4.310971933041823738e-03
2.296317378882316296e-01
-2.939518088014860323e-02
-1.120573478266763540e-01
-6.439672467704714298e-02
2.162692982652203791e-02
-3.328597524140511910e-01
6.543897626188892591e-01
-5.068317664356124519e-01
6.121485464243057173e-01
-2.849122066386149954e-01
2.175341198415932653e-01
-2.030904774327202955e-01
-9.640219595135481045e-03
5.870858058607364427e-02
2.570329889215577229e-02
1.478729901153902904e-01
-6.991884620833624386e-02
2.693223006995456963e-03
1.098369316919207833e-01
-3.821780320446313550e-01
1.234064446633022089e-01
-7.289257761879039399e-03
-4.355762082104031041e-01
-3.723894036883428349e-01
1.568756465238675679e-01
-1.196529394298450483e-01
-1.077266296131489665e-01
1.936281216141267497e-02
-4.214237670403003788e-01
-1.416212360254198444e-01
-8.111425012738419926e-02
4.563289898343758644e-01
1.077382445704804931e-01
-5.405129378262329976e-02
-5.319003807047274490e-01
1.897818892552621817e-01
1.640841886530482463e-01
-2.457012083042738604e-01
-3.904208837002572791e-02
2.656850363212660548e-01
-4.365536903423469783e-02
1.270166076611454475e-01
-6.331185651424160732e-02
1.924743346498044572e-01
-5.059656931062705976e-01
2.156426773853526574e-02
-1.490556700606756046e-01
1.298707638182862445e-01
8.043994890261391140e-02
1.373610738984850921e-01
-2.189661583584678328e-01
-3.103738256639039794e-01
-7.413984463953444959e-02
-5.397970471834421247e-01
-5.630505179491766821e-02
-1.448741939924547313e-02
2.748659634574601371e-02
1.562605277915841626e-02
-2.603896420051966532e-01
2.231854121664011634e-02
-3.534187222176193299e-01
1.140886900205003579e-01
-1.568833178005999140e-01
3.791845401137123456e-02
-9.356238142092293542e-02
4.785712569803027977e-02
-1.167631734307309106e-02
-4.611050714956572150e-01
-3.161731187420185885e-01
6.844230000639832390e-02
-3.822766917922239549e-01
-5.417003857423348390e-02
1.888130650644572958e-02
-1.342456062934711536e-01
-5.075729715074331350e-02
5.301739643893014359e-02
-1.616299307555355835e-01
-2.007367973786804149e-02
-5.035659999355171501e-02
2.857574053181282658e-01
-1.740870536431745469e-02
4.631867042289427028e-01
-1.945871722295120232e-01
9.077549238349927330e-02
-5.774815307369162223e-03
4.595916537080010911e-01
2.141676982823283448e-01
5.647654712146158579e-02
-1.306580528312506831e-02
-2.358012608448936676e-02
4.403686276705304214e-02
3.321941437223207561e-01
-2.539528995039248560e-01
-3.907598717849849468e-01
-2.152638236207141675e-01
-1.018920919795556074e-01
-3.843842485813232512e-01
1.550024851503944978e-01
2.520456820445908797e-01
-9.734306413080275056e-02
-1.256455653275619653e-03
-6.279996170232973740e-02
-1.215664572671575766e-01
-1.715531192083825929e-01
-2.853441444959967099e-01
1.140396003245059547e-02
9.120438661501682753e-02
-2.409842061504993693e-01
2.346122946879866666e-02
3.590783066504811827e-01
-3.553689488165044930e-01
-1.686068867078322209e-01
-8.637986288305091881e-03
-7.814894520059106203e-03
-4.094776638003635449e-01
-1.708588041575174465e-01
-1.090158217490062170e-01
-4.819797226881449848e-01
1.266888327978260287e-01
2.040397434913162559e-03
3.036534014574938656e-01
8.083679243180133533e-02
3.533737311056370234e-02
-1.990087791169399267e-01
4.809515457764108881e-02
7.143589463896177216e-02
3.556113468503599440e-01
-8.407163119826505104e-03
-1.029828127585026010e-01
1.449092059090907950e-02
7.979964391073701702e-02
-4.717406836595947617e-01
-3.538544542972182211e-02
-2.242439322873567009e-01
-3.109774149774584551e-01
1.911697802299523394e-02
-8.086758618642375662e-02
7.948508203308521369e-02
-2.216158656086680556e-01
-6.794113335631239703e-02
5.414330421186208664e-02
2.861180547173773903e-01
-1.186277926061971855e-01
5.883034828104029001e-01
-1.963954815429795053e-01
1.340247469692422595e-02
2.553300943930826294e-01
-2.413303404093840587e-01
5.863970721166708415e-03
-3.509698455416420115e-01
-1.993172521747882675e-01
1.886387684571831647e-01
-3.405596549265876294e-01
6.994562852023006316e-01
-1.636227879087636750e-03
3.674100616335421871e-02
1.202779977916042242e-01
-1.707151588352790184e-01
-6.312364497909507544e-02
2.796344197578541288e-02
-9.091272754009611656e-01
-1.008222716592891838e-01
3.331364010033318612e-01
-6.343712120387665077e-02
-1.190402085957387862e-01
-1.402329812504461148e-01
3.755056062912461023e-02
1.175309131576754984e-01
-8.992340812715310383e-02
-1.648299584890673408e-01
1.801721618512072964e-01
-2.399539596499960514e-01
3.290392049953651532e-01
7.928726638702243701e-02
-2.489808306501096469e-01
-1.111759730751676611e-01
-4.120597081693538333e-01
1.162455136495720992e-01
-5.526348799380337989e-02
5.315056635294136689e-02
-4.526885580188682451e-02
-2.431867873704771366e-01
1.503293550154454483e-01
4.057474780145770704e-02
-7.000910002460442039e-02
2.464910579147399361e-01
2.000183181415187972e-01
-4.062738629405576729e-01
1.397989957422782759e-01
3.395900817330411298e-02
-3.135306006039845911e-02
8.736214261829604311e-02
2.765882667337233800e-02
-4.481484405263246734e-02
1.643708425361905257e-01
-2.746836667688275502e-01
5.353254731263019928e-02
-4.513698330432645844e-02
-4.912726922431723264e-01
-3.952258538674741778e-02
-2.184296918702164081e-01
2.389634430099538687e-01
-4.057128269018494410e-02
-8.858019336796690846e-02
2.384175824455712633e-01
2.136280955276116389e-01
3.327090851483301137e-02
-2.359795018278093293e-01
1.120119261130057969e-01
-1.270273599459426084e-01
1.977444979488961370e-03
4.195393868444604046e-01
-2.221636546878323903e-01
-3.063985319531508655e-01
-3.016601937681825940e-01
-4.237678946495097854e-02
9.262895473988817796e-02
2.836467952292556216e-01
3.283121800307486349e-01
-1.213173357575782346e-01
7.627290945272749423e-02
2.703234848368047880e-02
1.024215439690203400e-01
1.859289780392334168e-01
-2.451584864754949022e-01
1.224784320471825338e-01
2.864173242865472035e-01
-7.588510902541920067e-02
2.077865657432813595e-01
-2.447566297378295785e-01
-6.937592506137736648e-02
-4.825918265647888838e-01
-7.685388107126063517e-02
2.175058894916342689e-01
-9.163997276004093306e-02
3.186425676383062289e-01
5.577182297363673102e-01
-5.256457539474995722e-01
-2.083484807333942090e-01
7.609835076768825535e-02
1.861058992502996057e-01
1.407063329686574493e-01
-7.213022057316059721e-02
-3.340488409389937852e-01
-3.524692910364351367e-02
-3.552937444170774071e-05
-2.377100798523306968e-01
2.408478603482753222e-01
5.399213997039719048e-01
2.453941008727872908e-01
1.013728906436619945e-09
