4.901511781094580744e-01
1.000000000000000000e+00
1.000000000000000000e+00
5.075721714730500045e-01
3.622981726807528169e-02
-4.545681587824552949e-02
1.166451410191826910e-01
8.675482375882727359e-02
5.756621036409075715e-02
-4.401092705980865784e-04
1.023916413316713209e-02
-3.516485261179541633e-01
7.018668869101632284e-03
8.541891596731153447e-03
2.810408061467772195e-02
5.958276785479546533e-02
1.421642436028093884e-02
1.382545144204410936e-01
-1.715597839445695159e-03
7.098875429156963068e-02
7.766061502677507056e-02
1.381260829546791524e-01
-7.263119195181220317e-03
9.897075659893203592e-02
-5.706986518951204929e-02
-5.535690974353512511e-02
-8.625772547039800911e-03
-4.580624994138260409e-02
-1.013049207833238881e-02
-8.767023409479657303e-03
2.869059465684793003e-02
-4.308524504951943140e-02
1.010617585775397051e-02
7.048767563384043811e-02
1.993709595447961946e-01
1.781447771271616257e-02
4.367732931541868854e-03
-7.477682049670740863e-03
1.209315321828565749e-02
9.713312320078545253e-03
1.787523000136883103e-02
-1.535314478736358318e-02
-3.431104664200335282e-03
-1.527481285340114292e-01
-6.703945418075826779e-02
3.229116018460936877e-02
-3.345075246184175954e-02
3.083976594541860128e-01
3.550402750132265056e-02
-2.523426888622330375e-02
4.856349386255140975e-04
-2.607154107196267903e-02
-3.613914144496272341e-03
1.016170327864521772e-01
1.718769497749063346e-02
3.567106137943048486e-03
-1.974222884960989341e-02
-8.243864793387557788e-02
-4.701484118288757480e-02
1.090899424767203668e-01
2.008917974202118970e-02
-6.191999279976961867e-02
-4.423563215333297521e-02
-9.370150720793947452e-02
1.099305590015659494e-02
-1.052590985539286067e-01
-2.864809169222670704e-01
-3.126084292021258371e-02
2.537306331923082359e-02
2.252051660308695968e-02
9.645128209779620099e-02
-7.210711868367997157e-02
8.536254337779016627e-03
-8.312165907507030943e-04
-6.215068605489362449e-03
3.289427846668177557e-01
6.236827514972460157e-02
4.345757687067393002e-03
4.878966252665387776e-02
-5.568625029380648572e-02
-3.029902884535312993e-02
-2.298918996633499690e-01
2.506110616632490143e-02
-3.986063650807170067e-02
5.972279592261974662e-02
-1.519036662631369217e-01
-9.856250816898020142e-03
-6.662322550899782425e-02
-2.237055936400864781e-02
-2.477250009830014865e-02
-4.713932251163800019e-02
3.843857510031197661e-02
-1.767915482966126925e-02
-1.313582464693901358e-02
-3.400157714752124333e-02
-7.696534119219448217e-03
5.449347688457981814e-03
6.058474938056469111e-02
-1.948797335048468582e-01
2.100378655292669747e-02
1.318993465651951795e-02
-3.085843915131422296e-02
1.578919013564814011e-02
-8.712803572328467472e-02
-2.587201859564932163e-02
-5.209252865656066080e-03
5.871351151783379616e-03
1.106106285890823826e-01
-5.533577454897001605e-03
2.310548515154913635e-02
4.951204362755572824e-02
-3.284456927860079922e-01
6.609648415106114672e-02
5.174043771278800247e-02
-5.040104037519282237e-02
4.482822202424152636e-02
1.610748628757643561e-02
-1.818980361185728867e-01
-1.185396099414578151e-02
7.195151833747196607e-03
1.186780221436478135e-02
-5.370029654332648256e-02
-2.905738535571922906e-03
-5.190207899399631314e-02
7.422089533128246180e-03
-4.415855262732002601e-02
4.313267733726248304e-02
-2.650654147814984415e-02
1.745039393401689315e-02
-1.079842899503951487e-01
2.557313448002195289e-01
-4.835903744387320957e-02
7.765658718810512784e-02
5.484108103076023102e-03
-4.930553668581926785e-01
1.046753280145889706e-05
-7.929548521182311349e-02
3.931928108043924314e-02
3.746942699577399810e-02
2.042709769019727950e-02
1.095631688139370313e-01
7.492548806086236912e-02
-1.520038212680628331e-01
-4.372301167232307828e-02
8.766601205371993277e-02
3.059598051799171685e-04
-1.236617014222397420e-01
2.054045454522548109e-01
-1.219353820929070520e-01
-7.488422724124718308e-03
-2.254946904815419151e-02
-2.114566315605281022e-01
-8.762481971952368331e-03
-2.306538020076432938e-01
-3.362309707014313198e-01
-1.024619151986744664e-01
9.096388430500718797e-03
-4.573043541371715759e-02
-1.715687246353800322e-01
2.805384087490588388e-02
1.356563204054667404e-01
5.222207497785299468e-01
-1.241408295553751359e-02
2.388664703495713137e-02
-1.837475786081200491e-01
-2.274720849668474543e-01
5.042823652531669421e-01
2.345354721419186383e-02
-4.793173319767197321e-02
8.021629225416458675e-02
3.378016607441038377e-01
-1.522810693915779279e-01
-5.455867209510174565e-01
1.049278302730446144e-01
-3.129087816510590647e-01
-3.940812247404616026e-02
3.993700600728220668e-02
7.202577981498628490e-02
-1.402202659287124231e-01
-3.932280367691824985e-01
-3.528674480125496742e-04
8.123347879976564045e-02
-5.479924540894919038e-02
6.364210646368877178e-03
-7.115248812488278451e-02
8.131520870739360543e-03
-2.661788266649951773e-02
-9.883938389577785061e-03
-2.445280903330985731e-03
3.277714800552555263e-01
-1.715775285651635618e-01
-1.938197380907905054e-01
1.989179896801619163e-01
1.771078300227939273e-01
3.061740924641522671e-02
1.622528196094156216e-01
-3.732708235543456543e-01
3.689138745021242616e-01
-6.960666355143539652e-02
6.256118849440132079e-01
4.579183604869877522e-01
-5.883852622480557210e-02
1.524842030538806348e-01
-7.436958787761333012e-02
-2.217600700624718646e-01
-1.965956333069964757e-01
-8.402968886492638567e-02
6.190437286197898459e-01
-2.319118441783142026e-01
3.568956999623056764e-02
1.728642920205830102e-01
-4.353691473603794881e-02
-1.062407703115878094e-01
-1.402069470886784797e-01
4.119612917237739508e-02
1.870483962019982016e-01
-3.346270142206405618e-01
-2.851458102131030348e-01
-2.717518386235937000e-02
3.417567457822793808e-01
-8.141935188961314795e-02
-1.475698637552049636e-02
-2.287712574578333602e-01
-2.991775449461751002e-01
-3.224722339762561840e-01
-4.188038156386607591e-01
4.957569962929998103e-02
2.292495512525007384e-01
4.317511391184168379e-01
-3.111794224850937263e-01
1.394134395057027020e-01
2.531319543843195685e-01
2.858101434059678314e-01
-4.360284186325893985e-02
9.427527386806548726e-02
5.599102059155572908e-01
-1.886749860572438098e-01
-1.247668973025838624e-01
1.062973101353043015e-01
3.112131341738943319e-02
-1.413308857624734349e-01
1.703232075210140903e-03
-1.694888458866347994e-02
-2.060434884503933306e-01
-2.918792812692115879e-01
1.754769871885749899e-01
6.567614322699351359e-02
1.377771471296296568e-01
4.786768804989748743e-02
1.504752183397509713e-01
1.739482349422095675e-01
-3.756360026032082855e-01
3.860037926791247131e-01
-1.525920865399395254e-01
2.234828491813161677e-01
9.258387844569665806e-03
1.450692567239931507e-01
-4.831163591988877487e-02
3.471833638624203383e-02
2.842979617936327030e-01
1.486430399009748826e-01
-1.503445272424686896e-01
1.322453441113550232e-01
-1.486919981446203042e-02
3.654665217745912131e-01
2.125445147270774160e-02
2.832073260010026794e-01
-3.084228726200988202e-01
2.076509685786699366e-01
-1.530462823252839999e-01
3.680257693601498015e-01
1.371510914440792483e-01
1.129486219531366659e-01
-1.170068151395524253e-01
2.578169700885535875e-01
1.041787982064015516e-01
-2.089567609828188177e-01
4.157493346304462212e-01
-8.717248979001611386e-02
9.872459220339567521e-02
-2.472319750150694662e-01
2.689226484121546856e-01
2.535310420457310143e-01
8.263388298891738426e-02
-1.857755022579113957e-01
-3.141817235570109612e-01
8.579878051265686645e-02
-1.286472216878399577e-01
2.213212275233138460e-01
-7.234247367436000969e-03
-3.331663051602415382e-01
2.133370403535213289e-01
1.530587744616760948e-01
1.742534851766719683e-01
3.160306191643579288e-01
1.215229247017021869e-01
-5.220088431038903964e-01
-2.052201428106965875e-02
-3.408069029896790281e-02
-2.873669862439344747e-01
-2.577148051096664338e-01
2.245838663966367998e-02
1.740780510531018122e-01
-1.474417198321892331e-01
1.361275804347606699e-01
1.965823731101006555e-01
-2.967099442017903099e-01
-2.121202699014642645e-01
3.499909321783010729e-01
-2.264235333673865827e-02
1.192304339373971289e-01
-4.075231033540791525e-01
6.257256138385407507e-01
9.504045383573983541e-02
-3.078268527882497274e-01
-1.385995513997914652e-01
1.879396002471333260e-01
2.062654318240276230e-01
2.888855848449994879e-01
3.661525350341863268e-03
-2.982881062524168556e-02
-8.983098394249762475e-02
5.245771663510881422e-02
1.317658194250340420e-01
-1.252519707379191327e-01
-5.777030090850359192e-03
5.079466183579833122e-02
2.044590709624803659e-01
-1.054239582862918911e-01
-4.107782372014169847e-01
3.746966239104266849e-01
-6.653573521251035516e-02
2.201007126019289550e-01
-2.142174429093167409e-01
-2.968917152372470558e-01
5.048348690212904888e-01
1.095103850626029385e-01
4.557837664921535747e-01
-1.006758322442539016e-01
-6.767740244583706488e-01
-1.515795787869239630e-01
2.035281842185400134e-02
1.169555394023185230e-01
-3.732630754283476626e-02
-8.033242851160271591e-02
-3.050234770575236884e-02
4.883320227304448896e-02
2.793859632192515763e-01
-1.473854761656864520e-01
4.858727732444841352e-01
-2.897882417527810825e-02
-1.128408799526865458e-01
2.419287044740710269e-01
-7.535577317971809373e-03
1.834120803514252274e-01
-1.305316958481559375e-01
-8.942207476539462685e-02
-1.690434757899494933e-01
-4.239797904070078532e-02
-4.402658406899966348e-01
2.069540470369523877e-01
2.542677346421461926e-01
-1.089504537200265688e-01
-1.198601272368683274e-01
-6.081951272941669984e-02
-2.054398618117233843e-01
-1.154713205549700306e-01
-7.321286235243402996e-02
1.267188196123526234e-01
-4.199121654160379441e-02
-5.100692219788449666e-02
-2.424868058276140603e-01
-2.421997006563849364e-01
-3.479907594064516885e-01
-2.211184532979391382e-01
-1.923027246657396661e-01
-2.976249953866196840e-01
-9.578619577103488283e-03
-1.419889721048200187e-02
-3.338178991713546817e-01
-1.885658709861717242e-01
5.538827684746225506e-03
2.958018368522719599e-01
-1.209669192658508266e-02
-3.254754721337977941e-01
4.007722091500753175e-02
1.911625964025740476e-01
1.927268535726758825e-01
2.581158796766610530e-01
1.848822634121177477e-01
-2.534084063395758771e-02
2.780913034547160545e-01
2.279865903400960236e-01
-4.320643884237196364e-02
2.981557679627910851e-01
2.985337769624857307e-01
-5.992907284658747363e-02
-1.068358028770432649e-01
-2.700141102710919630e-02
-1.466837398714366525e-01
1.980250432646157854e-01
-1.459791583441011897e-01
1.288348527071968563e-01
-4.975271061320616500e-02
-9.620155786175728363e-02
-1.060616670124002597e-01
2.372531785582266683e-01
-5.692436329675958084e-02
1.162741998870533977e-01
6.345375944431325133e-01
-5.345616195996849562e-01
-5.332587026268214014e-01
8.049237616249788063e-02
-7.793972766555491705e-02
1.103688215958918348e-02
-1.885461096181670904e-01
-2.743270271650130043e-01
-1.196287141368400780e-01
-1.730149913769518377e-01
2.129303477059707461e-01
-2.899768192258991295e-01
5.323125519178428106e-02
1.450267542368857410e-01
1.509373536190478926e-01
1.887039739487972878e-01
-3.836698693238389801e-02
-2.991867853241182013e-02
-1.361613698513730597e-02
-1.660227670880835005e-01
5.125836974961916342e-02
-3.921779069036923637e-02
-4.150521930249852220e-02
-3.651831990175177095e-02
5.112156372902453352e-03
2.132298097480810062e-01
-7.362001477016751894e-01
-9.301151281595623765e-02
-2.555392711886989715e-02
-1.321102109937329072e-01
2.489748297584871983e-01
-1.643111137356357554e-01
3.904555066193739488e-01
-1.252766800461890817e-01
-9.695423736943069304e-02
1.407246699412910591e-02
2.488941562431813970e-01
-2.188994648847719660e-01
-9.211536206118826897e-02
-9.518205179021256568e-02
-1.047893461396375986e-01
3.266847787076072041e-01
1.832622083638731358e-01
1.838929020190269437e-01
1.299525964580133808e-01
-1.832927832347351071e-01
-8.698402763697671292e-02
-5.754766375499891298e-03
8.661475228441804786e-02
2.657194232409552104e-01
5.584697230735608670e-02
-7.732457349412022842e-04
-1.736806828181579332e-01
-2.960194460310575787e-02
-3.055303050488988315e-01
4.705200039915132804e-01
-4.852812632492837230e-01
4.719194549703827346e-01
-1.021145912824746732e-01
9.114200445587598842e-02
-1.408707613062287201e-01
8.401893160257809315e-03
1.360870201386067124e-01
4.981059018594567733e-02
1.696407815702216937e-01
-8.064442930831150491e-02
-2.327591000177193711e-02
-2.947266368100736472e-02
-3.648065420731970709e-01
8.764701405875963136e-02
1.284709088670993871e-01
-4.640947636276446797e-01
-3.594857779158003863e-01
1.453231200064128703e-01
-1.942629990272965457e-01
1.868180944084770270e-02
1.550574550351112475e-02
-3.787911943902560474e-01
-1.437329002944391643e-01
-8.650894453416706209e-02
4.112811889506660101e-01
-1.491276061211944080e-02
-6.726579042959542065e-02
-4.049276543793007832e-01
1.157669490205244234e-01
1.693958203551698682e-01
-3.031134582906870323e-01
6.492444894873136696e-02
3.087215005315593896e-01
-8.636758957462090103e-02
1.765225093618456864e-01
-5.157614919435965506e-02
2.756984986228447898e-01
-6.215341367293069075e-01
2.976809924756795844e-01
-1.746443356891092535e-01
4.849411068531713637e-02
2.460118221655307469e-01
2.266157157668543531e-01
-2.077784265604680491e-01
-2.735271419241260271e-01
-1.505575863669325887e-01
-3.243463370500208054e-01
-7.014864775854529055e-02
8.538019344960189050e-02
-9.702421874974866134e-03
1.362208003290250533e-02
-3.547677058876456124e-01
9.843806093319135142e-02
-4.399598626854658856e-01
3.351407806112970400e-01
-9.350712395245024122e-02
-6.272702963867882175e-02
-6.298871490189127120e-02
5.384193454375422322e-02
-1.581829766309102436e-01
-4.472762787966690357e-01
-3.542284528753202322e-01
2.844972722922315955e-01
-3.901562339817959968e-01
1.141577945680210052e-02
3.499114690174074532e-02
-1.926221632119574922e-01
-6.126939081781117985e-02
1.908074611616886185e-01
-1.380863312346587990e-01
2.344015506552163137e-03
-1.228039820540847288e-01
2.227076030083831037e-01
-1.846171926096832130e-02
5.653662031896640183e-01
-1.321000758016613319e-01
2.618592716657577868e-02
-6.312170672936463474e-04
4.814729283739458965e-01
1.995303557595744237e-01
4.969138325552566876e-02
-7.126539162124123639e-02
-7.804741376897671168e-02
1.424363133248962021e-01
1.633371435131468763e-01
-2.768548659650992283e-01
-2.855166846863316232e-01
-2.206534822981986443e-01
-8.325242292500180386e-02
-2.313153709629991450e-01
1.754631473036555311e-01
1.444335453467887609e-01
-6.852902805473705394e-02
-4.804219870934773456e-02
-4.104465389144618115e-02
-1.583077210218399866e-01
-2.035315918806256397e-01
-1.100779217884335914e-01
4.719360817966893745e-02
1.014480313604342182e-01
-1.555682239702917691e-01
-1.243259555983076969e-02
4.378534793707320460e-01
-3.070261347044608291e-01
-2.225726976765281251e-01
-1.909581896051375585e-02
-7.958400455524032580e-02
-2.108481640711148408e-01
-1.217449773680246289e-01
-6.588618322318176568e-02
-4.620922282538820203e-01
1.533312932894917713e-01
1.834313950709944019e-02
2.211691160036267645e-01
9.459402962092791634e-02
-6.710788829908048703e-02
-1.232310903067683205e-01
-7.977172775001852012e-02
1.218527165131038231e-01
2.971435299191413359e-01
-1.118080394417139828e-01
-2.751900529765566664e-02
-1.482027261948705987e-01
-1.776882744794713032e-01
-3.444369308938049490e-01
-3.931747465971645143e-03
-4.090296550992185420e-02
-2.422769651455522200e-01
4.276187145123522965e-02
-1.035276629961079213e-02
-1.128690251363156927e-01
-2.137089251659320677e-01
6.880018801329070705e-03
-5.632819250956363349e-02
2.754372913634037801e-01
-2.174247362997332178e-01
1.934891566023518583e-01
-1.533709386235549699e-01
-1.937073937412135127e-01
2.137325707921809703e-01
-1.197687588423545779e-01
6.834811809274284056e-02
-3.080876059322893434e-01
8.323285731317983313e-03
2.427690981433188733e-01
-2.338244227765700067e-01
4.401051408526080455e-01
9.264081881305578914e-02
-6.285490816835324901e-02
1.251377487359346952e-01
-1.889976084271181023e-01
-1.678636392494286256e-01
8.049455209789405097e-02
-8.678610205857797411e-01
-1.209792216176392571e-01
2.510472504089580892e-01
2.619157223400866638e-02
-2.800093269216215666e-02
-1.673019130487868600e-01
7.612785767680066429e-02
-1.808708899480253318e-02
-5.673397871159776423e-02
-8.519687164183034622e-02
2.622814397602755143e-01
-3.209224723650143107e-01
3.906182545453344979e-01
-9.756771600095527977e-03
-4.008699934889526917e-01
-1.095455243581978100e-01
-4.369428621527240431e-01
-1.806354817305427796e-02
3.132088162022795830e-01
1.019654417904737875e-01
8.393401520446265585e-02
-5.922156256953996500e-01
2.169399802849269754e-01
-6.121721191162793341e-02
-1.079562622231366315e-01
3.585610900486860819e-01
5.971822920787702577e-02
-3.134287607772857087e-01
8.931366484651284687e-02
4.138816768340541907e-02
-9.877487788198630048e-02
-7.163563874398903505e-03
4.876195536079586113e-02
-2.843878185006138981e-01
-7.048910280737451239e-02
-2.481032295412609612e-01
6.105914256286013725e-02
2.399242748542415940e-02
-3.756936909928775825e-01
1.243870168071740598e-02
-1.559445106963379957e-01
6.045880747798700050e-02
-1.408770713637492733e-01
-4.948842513964522849e-02
2.461774525629947252e-01
3.190419119299131023e-01
5.645298680204069441e-02
-2.481318826782860087e-01
1.207813978735664123e-01
-1.188741905148206213e-01
6.296712742913471161e-02
3.265272878751936947e-01
-1.787911360191902221e-01
-4.302788225115953269e-01
-2.357358555770885655e-01
-7.626126099045299478e-02
7.610260738982543849e-02
2.423600676947983701e-01
5.781501807339177734e-01
-1.739188957384828760e-01
2.447427094827144545e-01
-1.822301019490928098e-01
-1.684259224569620017e-01
2.716698770138021302e-01
-1.378316237500442076e-01
-1.082101128296834303e-01
8.225592417516014443e-01
1.089081731129314112e-01
1.675941850176867476e-01
-1.218469536864941610e-01
9.959562255202293601e-02
-1.760835704701846915e-01
-2.128128772030183358e-01
4.194772629622263160e-01
3.542854951616961783e-04
2.609050061311117275e-01
4.905328264990434506e-01
-3.641310070216391415e-01
-8.255264060047690089e-02
4.971138724016771482e-02
2.800240743961984399e-02
1.725572265909011416e-01
-1.496925532883987015e-05
-2.947942505858023310e-01
-4.770100814482505086e-02
-1.123117278579991024e-01
-2.270115428768603727e-01
2.877748860001894116e-01
4.242339926987544474e-01
1.930069350550172591e-01
8.622330591518615390e-10
